{
    "name": "1v1 or 2v2 or 3v3 or 4v4 or 5v5 TrenchWarfare",
    "creator": "KingSlayerGM",
    "version": "1",
    "description" : "Desert planet with lots structures to reseble trenches, perfect for 2 teams.",
    "planets": [
        {
            "name": "Excelsior",
            "mass": 10000,
            "position_x": 25300,
            "position_y": 0,
            "velocity_x": -0.000006144963663246017,
            "velocity_y": 140.5803680419922,
            "required_thrust_to_move": 0,
            "starting_planet": true,
            "respawn": false,
            "start_destroyed": false,
            "min_spawn_delay": 0,
            "max_spawn_delay": 0,
            "planet": {
                "seed": 553054208,
                "radius": 500,
                "heightRange": 0,
                "waterHeight": 0,
                "waterDepth": 0,
                "temperature": 100,
                "metalDensity": 50,
                "metalClusters": 50,
                "metalSpotLimit": -1,
                "biomeScale": 75.00000006869588,
                "biome": "sandstone",
                "symmetryType": "none",
                "symmetricalMetal": false,
                "symmetricalStarts": false,
                "numArmies": 2,
                "landingZonesPerArmy": 0,
                "landingZoneSize": 0
            },
            "planetCSG": [
                {
                    "proj": "BP_Bend",
                    "spec": "/pa/terrain/desert/brushes/desert_metal_t3_small_2x_1_ramp.json",
                    "height": 498.0572509765625,
                    "op": "BO_Add",
                    "position": [
                        18.204559326171875,
                        -111.39530944824219,
                        485.0986328125
                    ],
                    "transform": [
                        0.9993231892585754,
                        0.004141383338719606,
                        0.036551136523485184,
                        18.204559326171875,
                        0.004141383338719606,
                        0.9746584892272949,
                        -0.2236596643924713,
                        -111.39531707763672,
                        -0.036551136523485184,
                        0.2236596643924713,
                        0.9739817380905151,
                        485.0986633300781
                    ],
                    "scale": [
                        1,
                        1,
                        1
                    ],
                    "rotation": 0,
                    "weight": [
                        0,
                        0,
                        0,
                        0
                    ],
                    "weightHard": false,
                    "weightScale": [
                        1,
                        1,
                        1
                    ],
                    "mirrored": false,
                    "twinId": 0,
                    "pathable": true,
                    "flooded": false,
                    "mergeable": false,
                    "no_features": true
                },
                {
                    "proj": "BP_Bend",
                    "spec": "/pa/terrain/desert/brushes/desert_metal_t3_small_2x_1_ramp.json",
                    "height": 496.8658447265625,
                    "op": "BO_Add",
                    "position": [
                        299.4317932128906,
                        -89.16909790039062,
                        386.34844970703125
                    ],
                    "transform": [
                        0.7980068922042847,
                        -0.0029393620789051056,
                        0.6026411652565002,
                        299.43182373046875,
                        0.13911466300487518,
                        0.9738789200782776,
                        -0.17946313321590424,
                        -89.16909790039062,
                        -0.5863720178604126,
                        0.22704903781414032,
                        0.7775709629058838,
                        386.34844970703125
                    ],
                    "scale": [
                        1,
                        1,
                        1
                    ],
                    "rotation": 0.07999999821186066,
                    "weight": [
                        0,
                        0,
                        0,
                        0
                    ],
                    "weightHard": false,
                    "weightScale": [
                        1,
                        1,
                        1
                    ],
                    "mirrored": false,
                    "twinId": 0,
                    "pathable": true,
                    "flooded": false,
                    "mergeable": false,
                    "no_features": true
                },
                {
                    "proj": "BP_Bend",
                    "spec": "/pa/terrain/desert/brushes/desert_metal_t3_small_2x_1_ramp.json",
                    "height": 499.3547058105469,
                    "op": "BO_Add",
                    "position": [
                        -271.3002014160156,
                        -87.32223510742188,
                        410.0318908691406
                    ],
                    "transform": [
                        0.8394043445587158,
                        0.014959011226892471,
                        -0.543301522731781,
                        -271.3001708984375,
                        -0.1305755078792572,
                        0.9758947491645813,
                        -0.17487014830112457,
                        -87.32223510742188,
                        0.5275892615318298,
                        0.2177286297082901,
                        0.8211235404014587,
                        410.0318908691406
                    ],
                    "scale": [
                        1,
                        1,
                        1
                    ],
                    "rotation": -0.07999999821186066,
                    "weight": [
                        0,
                        0,
                        0,
                        0
                    ],
                    "weightHard": false,
                    "weightScale": [
                        1,
                        1,
                        1
                    ],
                    "mirrored": false,
                    "twinId": 0,
                    "pathable": true,
                    "flooded": false,
                    "mergeable": false,
                    "no_features": true
                },
                {
                    "proj": "BP_Bend",
                    "spec": "/pa/terrain/desert/brushes/desert_metal_t2_small_2_ramp.json",
                    "height": 500.0415344238281,
                    "op": "BO_Add",
                    "position": [
                        -385.9681396484375,
                        -64.2083740234375,
                        311.36376953125
                    ],
                    "transform": [
                        -0.02390122413635254,
                        0.7243923544883728,
                        -1.381650447845459,
                        -385.9681396484375,
                        -1.1100393533706665,
                        -0.21443989872932434,
                        -0.2298467606306076,
                        -64.2083740234375,
                        -0.25853657722473145,
                        0.8537394404411316,
                        1.1145893335342407,
                        311.3638000488281
                    ],
                    "scale": [
                        1.1399998664855957,
                        1.1399998664855957,
                        1.78999924659729
                    ],
                    "rotation": -1.6999989748001099,
                    "weight": [
                        0,
                        0,
                        0,
                        0
                    ],
                    "weightHard": false,
                    "weightScale": [
                        1,
                        1,
                        1
                    ],
                    "mirrored": false,
                    "twinId": 0,
                    "pathable": true,
                    "flooded": false,
                    "mergeable": false,
                    "no_features": true
                },
                {
                    "proj": "BP_Bend",
                    "spec": "/pa/terrain/desert/brushes/desert_metal_t2_small_2_ramp.json",
                    "height": 497.09814453125,
                    "op": "BO_Add",
                    "position": [
                        -132.39834594726562,
                        -104.49481201171875,
                        467.60888671875
                    ],
                    "transform": [
                        -0.04313686490058899,
                        1.0979743003845215,
                        -0.4767528176307678,
                        -132.39834594726562,
                        -1.1091021299362183,
                        -0.10984306782484055,
                        -0.37627506256103516,
                        -104.49481201171875,
                        -0.2600606381893158,
                        0.28633320331573486,
                        1.6838115453720093,
                        467.6089172363281
                    ],
                    "scale": [
                        1.1399998664855957,
                        1.1399998664855957,
                        1.78999924659729
                    ],
                    "rotation": -1.6399990320205688,
                    "weight": [
                        0,
                        0,
                        0,
                        0
                    ],
                    "weightHard": false,
                    "weightScale": [
                        1,
                        1,
                        1
                    ],
                    "mirrored": false,
                    "twinId": 0,
                    "pathable": true,
                    "flooded": false,
                    "mergeable": false,
                    "no_features": true
                },
                {
                    "proj": "BP_Bend",
                    "spec": "/pa/terrain/desert/brushes/desert_metal_t2_small_2_ramp.json",
                    "height": 496.7581787109375,
                    "op": "BO_Add",
                    "position": [
                        167.8037872314453,
                        -104.42276000976562,
                        455.74822998046875
                    ],
                    "transform": [
                        0.01227651908993721,
                        1.0729190111160278,
                        0.6046577095985413,
                        167.8037872314453,
                        -1.110148310661316,
                        0.09871262311935425,
                        -0.37627294659614563,
                        -104.42276763916016,
                        -0.258881539106369,
                        -0.3724249601364136,
                        1.6422256231307983,
                        455.7482604980469
                    ],
                    "scale": [
                        1.1399998664855957,
                        1.1399998664855957,
                        1.78999924659729
                    ],
                    "rotation": -1.5199991464614868,
                    "weight": [
                        0,
                        0,
                        0,
                        0
                    ],
                    "weightHard": false,
                    "weightScale": [
                        1,
                        1,
                        1
                    ],
                    "mirrored": false,
                    "twinId": 0,
                    "pathable": true,
                    "flooded": false,
                    "mergeable": false,
                    "no_features": true
                },
                {
                    "proj": "BP_Bend",
                    "spec": "/pa/terrain/desert/brushes/desert_metal_t2_small_2_ramp.json",
                    "height": 496.9939880371094,
                    "op": "BO_Add",
                    "position": [
                        404.8478088378906,
                        -61.71612548828125,
                        281.58905029296875
                    ],
                    "transform": [
                        0.012723870575428009,
                        0.6611150503158569,
                        1.4581209421157837,
                        404.84783935546875,
                        -1.1095361709594727,
                        0.2202019989490509,
                        -0.22227999567985535,
                        -61.71612548828125,
                        -0.2614715099334717,
                        -0.9022403955459595,
                        1.0141855478286743,
                        281.5890197753906
                    ],
                    "scale": [
                        1.1399998664855957,
                        1.1399998664855957,
                        1.78999924659729
                    ],
                    "rotation": -1.4399992227554321,
                    "weight": [
                        0,
                        0,
                        0,
                        0
                    ],
                    "weightHard": false,
                    "weightScale": [
                        1,
                        1,
                        1
                    ],
                    "mirrored": false,
                    "twinId": 0,
                    "pathable": true,
                    "flooded": false,
                    "mergeable": false,
                    "no_features": true
                },
                {
                    "proj": "BP_Bend",
                    "spec": "/pa/terrain/desert/brushes/desert_metal_t3_small_2x_1_ramp.json",
                    "height": 498.0572509765625,
                    "op": "BO_Add",
                    "position": [
                        -18.204559326171875,
                        111.39530944824219,
                        485.0986328125
                    ],
                    "transform": [
                        -0.9993231892585754,
                        -0.0041412957943975925,
                        -0.036551136523485184,
                        -18.204557418823242,
                        -0.004141468554735184,
                        -0.9746584892272949,
                        0.2236596643924713,
                        111.39530944824219,
                        0.03655111789703369,
                        -0.2236596643924713,
                        -0.9739817380905151,
                        -485.0986328125
                    ],
                    "scale": [
                        1,
                        1,
                        1
                    ],
                    "rotation": 3.1415927410125732,
                    "weight": [
                        0,
                        0,
                        0,
                        0
                    ],
                    "weightHard": false,
                    "weightScale": [
                        1,
                        1,
                        1
                    ],
                    "mirrored": true,
                    "twinId": 0,
                    "pathable": true,
                    "flooded": false,
                    "mergeable": false,
                    "no_features": true
                },
                {
                    "proj": "BP_Bend",
                    "spec": "/pa/terrain/desert/brushes/desert_metal_t3_small_2x_1_ramp.json",
                    "height": 496.8658447265625,
                    "op": "BO_Add",
                    "position": [
                        -299.4317932128906,
                        89.16909790039062,
                        386.34844970703125
                    ],
                    "transform": [
                        -0.7980068922042847,
                        0.0029393769800662994,
                        -0.6026411652565002,
                        -299.4318542480469,
                        -0.13911467790603638,
                        -0.9738789200782776,
                        0.17946313321590424,
                        89.16909790039062,
                        0.5863719582557678,
                        -0.2270490527153015,
                        -0.7775709629058838,
                        -386.34844970703125
                    ],
                    "scale": [
                        1,
                        1,
                        1
                    ],
                    "rotation": 3.221592664718628,
                    "weight": [
                        0,
                        0,
                        0,
                        0
                    ],
                    "weightHard": false,
                    "weightScale": [
                        1,
                        1,
                        1
                    ],
                    "mirrored": true,
                    "twinId": 0,
                    "pathable": true,
                    "flooded": false,
                    "mergeable": false,
                    "no_features": true
                },
                {
                    "proj": "BP_Bend",
                    "spec": "/pa/terrain/desert/brushes/desert_metal_t3_small_2x_1_ramp.json",
                    "height": 499.3547058105469,
                    "op": "BO_Add",
                    "position": [
                        271.3002014160156,
                        87.32223510742188,
                        410.0318908691406
                    ],
                    "transform": [
                        -0.839404284954071,
                        -0.014959082007408142,
                        0.5433014631271362,
                        271.3001708984375,
                        0.13057559728622437,
                        -0.9758946895599365,
                        0.17487013339996338,
                        87.32223510742188,
                        -0.5275891423225403,
                        -0.21772867441177368,
                        -0.821123480796814,
                        -410.0318908691406
                    ],
                    "scale": [
                        1,
                        1,
                        1
                    ],
                    "rotation": 3.0615925788879395,
                    "weight": [
                        0,
                        0,
                        0,
                        0
                    ],
                    "weightHard": false,
                    "weightScale": [
                        1,
                        1,
                        1
                    ],
                    "mirrored": true,
                    "twinId": 0,
                    "pathable": true,
                    "flooded": false,
                    "mergeable": false,
                    "no_features": true
                },
                {
                    "proj": "BP_Bend",
                    "spec": "/pa/terrain/desert/brushes/desert_metal_t2_small_2_ramp.json",
                    "height": 500.0415344238281,
                    "op": "BO_Add",
                    "position": [
                        385.9681396484375,
                        64.2083740234375,
                        311.36376953125
                    ],
                    "transform": [
                        0.02390126883983612,
                        -0.7243923544883728,
                        1.3816505670547485,
                        385.9681396484375,
                        1.1100393533706665,
                        0.21443995833396912,
                        0.2298467755317688,
                        64.2083740234375,
                        0.2585366368293762,
                        -0.8537393808364868,
                        -1.1145893335342407,
                        -311.3638000488281
                    ],
                    "scale": [
                        1.1399998664855957,
                        1.1399998664855957,
                        1.78999924659729
                    ],
                    "rotation": 1.4415936470031738,
                    "weight": [
                        0,
                        0,
                        0,
                        0
                    ],
                    "weightHard": false,
                    "weightScale": [
                        1,
                        1,
                        1
                    ],
                    "mirrored": true,
                    "twinId": 0,
                    "pathable": true,
                    "flooded": false,
                    "mergeable": false,
                    "no_features": true
                },
                {
                    "proj": "BP_Bend",
                    "spec": "/pa/terrain/desert/brushes/desert_metal_t2_small_2_ramp.json",
                    "height": 497.09814453125,
                    "op": "BO_Add",
                    "position": [
                        132.39834594726562,
                        104.49481201171875,
                        467.60888671875
                    ],
                    "transform": [
                        0.043136902153491974,
                        -1.0979743003845215,
                        0.4767528176307678,
                        132.39834594726562,
                        1.1091021299362183,
                        0.10984310507774353,
                        0.37627506256103516,
                        104.49481201171875,
                        0.2600606381893158,
                        -0.2863331735134125,
                        -1.6838115453720093,
                        -467.6089172363281
                    ],
                    "scale": [
                        1.1399998664855957,
                        1.1399998664855957,
                        1.78999924659729
                    ],
                    "rotation": 1.5015935897827148,
                    "weight": [
                        0,
                        0,
                        0,
                        0
                    ],
                    "weightHard": false,
                    "weightScale": [
                        1,
                        1,
                        1
                    ],
                    "mirrored": true,
                    "twinId": 0,
                    "pathable": true,
                    "flooded": false,
                    "mergeable": false,
                    "no_features": true
                },
                {
                    "proj": "BP_Bend",
                    "spec": "/pa/terrain/desert/brushes/desert_metal_t2_small_2_ramp.json",
                    "height": 496.7581787109375,
                    "op": "BO_Add",
                    "position": [
                        -167.8037872314453,
                        104.42276000976562,
                        455.74822998046875
                    ],
                    "transform": [
                        -0.012276481837034225,
                        -1.0729190111160278,
                        -0.6046577095985413,
                        -167.80380249023438,
                        1.110148310661316,
                        -0.09871258586645126,
                        0.37627294659614563,
                        104.42276763916016,
                        0.258881539106369,
                        0.37242498993873596,
                        -1.6422256231307983,
                        -455.748291015625
                    ],
                    "scale": [
                        1.1399998664855957,
                        1.1399998664855957,
                        1.78999924659729
                    ],
                    "rotation": 1.6215934753417969,
                    "weight": [
                        0,
                        0,
                        0,
                        0
                    ],
                    "weightHard": false,
                    "weightScale": [
                        1,
                        1,
                        1
                    ],
                    "mirrored": true,
                    "twinId": 0,
                    "pathable": true,
                    "flooded": false,
                    "mergeable": false,
                    "no_features": true
                },
                {
                    "proj": "BP_Bend",
                    "spec": "/pa/terrain/desert/brushes/desert_metal_t2_small_2_ramp.json",
                    "height": 496.9939880371094,
                    "op": "BO_Add",
                    "position": [
                        -404.8478088378906,
                        61.71612548828125,
                        281.58905029296875
                    ],
                    "transform": [
                        -0.012723855674266815,
                        -0.6611150503158569,
                        -1.4581209421157837,
                        -404.84783935546875,
                        1.1095361709594727,
                        -0.22020196914672852,
                        0.22227999567985535,
                        61.71612548828125,
                        0.2614714503288269,
                        0.9022403955459595,
                        -1.0141855478286743,
                        -281.5890197753906
                    ],
                    "scale": [
                        1.1399998664855957,
                        1.1399998664855957,
                        1.78999924659729
                    ],
                    "rotation": 1.7015933990478516,
                    "weight": [
                        0,
                        0,
                        0,
                        0
                    ],
                    "weightHard": false,
                    "weightScale": [
                        1,
                        1,
                        1
                    ],
                    "mirrored": true,
                    "twinId": 0,
                    "pathable": true,
                    "flooded": false,
                    "mergeable": false,
                    "no_features": true
                },
                {
                    "proj": "BP_Bend",
                    "spec": "/pa/terrain/desert/brushes/desert_metal_t3_small_2x_1_ramp.json",
                    "height": 498.3666076660156,
                    "op": "BO_Add",
                    "position": [
                        -1.71368408203125,
                        -493.2633056640625,
                        71.11724853515625
                    ],
                    "transform": [
                        -0.9991378784179688,
                        0.04137136787176132,
                        -0.003438600804656744,
                        -1.7136839628219604,
                        -0.002503297058865428,
                        -0.14272016286849976,
                        -0.9897598624229431,
                        -493.2633056640625,
                        -0.04143847897648811,
                        -0.9888980984687805,
                        0.142700657248497,
                        71.11724853515625
                    ],
                    "scale": [
                        1,
                        1,
                        1
                    ],
                    "rotation": 3.179997682571411,
                    "weight": [
                        0,
                        0,
                        0,
                        0
                    ],
                    "weightHard": false,
                    "weightScale": [
                        1,
                        1,
                        1
                    ],
                    "mirrored": false,
                    "twinId": 0,
                    "pathable": true,
                    "flooded": false,
                    "mergeable": false,
                    "no_features": true
                },
                {
                    "proj": "BP_Bend",
                    "spec": "/pa/terrain/desert/brushes/desert_metal_t3_small_2x_1_ramp.json",
                    "height": 494.7604675292969,
                    "op": "BO_Add",
                    "position": [
                        263.42987060546875,
                        -385.7904052734375,
                        162.9674072265625
                    ],
                    "transform": [
                        -0.4966922104358673,
                        0.6854234337806702,
                        0.5324390530586243,
                        263.4298095703125,
                        -0.6028976440429688,
                        0.1688239723443985,
                        -0.779751718044281,
                        -385.79034423828125,
                        -0.6243486404418945,
                        -0.7083028554916382,
                        0.3293866217136383,
                        162.96749877929688
                    ],
                    "scale": [
                        1,
                        1,
                        1
                    ],
                    "rotation": -1.819998860359192,
                    "weight": [
                        0,
                        0,
                        0,
                        0
                    ],
                    "weightHard": false,
                    "weightScale": [
                        1,
                        1,
                        1
                    ],
                    "mirrored": false,
                    "twinId": 0,
                    "pathable": true,
                    "flooded": false,
                    "mergeable": false,
                    "no_features": true
                },
                {
                    "proj": "BP_Bend",
                    "spec": "/pa/terrain/desert/brushes/desert_metal_t3_small_2x_1_ramp.json",
                    "height": 497.0146789550781,
                    "op": "BO_Add",
                    "position": [
                        -265.65399169921875,
                        -387.818603515625,
                        161.39476013183594
                    ],
                    "transform": [
                        -0.5514945983886719,
                        -0.6404406428337097,
                        -0.5344992280006409,
                        -265.6539611816406,
                        0.6131505370140076,
                        0.12322528660297394,
                        -0.7802960276603699,
                        -387.8185729980469,
                        0.5655970573425293,
                        -0.7580575942993164,
                        0.32472842931747437,
                        161.39479064941406
                    ],
                    "scale": [
                        1,
                        1,
                        1
                    ],
                    "rotation": 1.8999987840652466,
                    "weight": [
                        0,
                        0,
                        0,
                        0
                    ],
                    "weightHard": false,
                    "weightScale": [
                        1,
                        1,
                        1
                    ],
                    "mirrored": false,
                    "twinId": 0,
                    "pathable": true,
                    "flooded": false,
                    "mergeable": false,
                    "no_features": true
                },
                {
                    "proj": "BP_Bend",
                    "spec": "/pa/terrain/desert/brushes/desert_metal_t3_small_2x_1_ramp.json",
                    "height": 498.3666076660156,
                    "op": "BO_Add",
                    "position": [
                        1.71368408203125,
                        493.2633056640625,
                        71.11724853515625
                    ],
                    "transform": [
                        0.9991378784179688,
                        -0.041371457278728485,
                        0.0034386010374873877,
                        1.7136839628219604,
                        0.0025033096317201853,
                        0.14272016286849976,
                        0.9897599220275879,
                        493.2633056640625,
                        0.041438568383455276,
                        0.9888980984687805,
                        -0.1427006721496582,
                        -71.11724853515625
                    ],
                    "scale": [
                        1,
                        1,
                        1
                    ],
                    "rotation": 6.321590423583984,
                    "weight": [
                        0,
                        0,
                        0,
                        0
                    ],
                    "weightHard": false,
                    "weightScale": [
                        1,
                        1,
                        1
                    ],
                    "mirrored": true,
                    "twinId": 0,
                    "pathable": true,
                    "flooded": false,
                    "mergeable": false,
                    "no_features": true
                },
                {
                    "proj": "BP_Bend",
                    "spec": "/pa/terrain/desert/brushes/desert_metal_t3_small_2x_1_ramp.json",
                    "height": 494.7604675292969,
                    "op": "BO_Add",
                    "position": [
                        -263.42987060546875,
                        385.7904052734375,
                        162.9674072265625
                    ],
                    "transform": [
                        0.4966922402381897,
                        -0.6854234337806702,
                        -0.532439112663269,
                        -263.4297790527344,
                        0.6028976440429688,
                        -0.1688239574432373,
                        0.7797517776489258,
                        385.79034423828125,
                        0.6243486404418945,
                        0.7083028554916382,
                        -0.3293866515159607,
                        -162.9674835205078
                    ],
                    "scale": [
                        1,
                        1,
                        1
                    ],
                    "rotation": 1.3215937614440918,
                    "weight": [
                        0,
                        0,
                        0,
                        0
                    ],
                    "weightHard": false,
                    "weightScale": [
                        1,
                        1,
                        1
                    ],
                    "mirrored": true,
                    "twinId": 0,
                    "pathable": true,
                    "flooded": false,
                    "mergeable": false,
                    "no_features": true
                },
                {
                    "proj": "BP_Bend",
                    "spec": "/pa/terrain/desert/brushes/desert_metal_t3_small_2x_1_ramp.json",
                    "height": 497.0146789550781,
                    "op": "BO_Add",
                    "position": [
                        265.65399169921875,
                        387.818603515625,
                        161.39476013183594
                    ],
                    "transform": [
                        0.5514947772026062,
                        0.6404405236244202,
                        0.5344992280006409,
                        265.6539611816406,
                        -0.6131505370140076,
                        -0.123225137591362,
                        0.7802960276603699,
                        387.8185729980469,
                        -0.5655969381332397,
                        0.758057713508606,
                        -0.32472842931747437,
                        -161.39480590820312
                    ],
                    "scale": [
                        1,
                        1,
                        1
                    ],
                    "rotation": 5.041591644287109,
                    "weight": [
                        0,
                        0,
                        0,
                        0
                    ],
                    "weightHard": false,
                    "weightScale": [
                        1,
                        1,
                        1
                    ],
                    "mirrored": true,
                    "twinId": 0,
                    "pathable": true,
                    "flooded": false,
                    "mergeable": false,
                    "no_features": true
                },
                {
                    "proj": "BP_Bend",
                    "spec": "/pa/terrain/desert/brushes/desert_metal_t2_medium_2_ramp.json",
                    "height": 500.72216796875,
                    "op": "BO_Add",
                    "position": [
                        -7.87255859375,
                        387.150634765625,
                        317.450927734375
                    ],
                    "transform": [
                        0.9997975826263428,
                        -0.012557456269860268,
                        -0.015722407028079033,
                        -7.872557640075684,
                        0.020120088011026382,
                        0.6338618993759155,
                        0.7731844782829285,
                        387.1506042480469,
                        0.00025660451501607895,
                        -0.7733442783355713,
                        0.633986234664917,
                        317.4509582519531
                    ],
                    "scale": [
                        1,
                        1,
                        1
                    ],
                    "rotation": 0.019999999552965164,
                    "weight": [
                        0,
                        0,
                        0,
                        0
                    ],
                    "weightHard": false,
                    "weightScale": [
                        1,
                        1,
                        1
                    ],
                    "mirrored": false,
                    "twinId": 0,
                    "pathable": true,
                    "flooded": false,
                    "mergeable": false,
                    "no_features": true
                },
                {
                    "proj": "BP_Bend",
                    "spec": "/pa/terrain/desert/brushes/desert_metal_t2_medium_2_ramp.json",
                    "height": 500.72216796875,
                    "op": "BO_Add",
                    "position": [
                        7.87255859375,
                        -387.150634765625,
                        317.450927734375
                    ],
                    "transform": [
                        -0.9997975826263428,
                        0.01255752518773079,
                        0.015722405165433884,
                        7.872557640075684,
