{
    "name": "2v2v2v2v2 or 10 FFA Volcanos",
    "creator": "KingSlayerGM",
    "version": "1",
    "description" : "Lava planet with big volcanos, fairly open, perfect for 5 teams.",
    "players": [10, 10],
    "planets": [
        {
            "name": "Isaacus IV",
            "mass": 10000,
            "position_x": 24600,
            "position_y": 200,
            "velocity_x": -1.1590259075164795,
            "velocity_y": 142.55941772460938,
            "required_thrust_to_move": 0,
            "starting_planet": true,
            "respawn": false,
            "start_destroyed": false,
            "min_spawn_delay": 0,
            "max_spawn_delay": 0,
            "planet": {
                "seed": 151193904,
                "radius": 600,
                "heightRange": 0,
                "waterHeight": 0,
                "waterDepth": 100,
                "temperature": 100,
                "metalDensity": 75,
                "metalClusters": 75,
                "metalSpotLimit": -1,
                "biomeScale": 50,
                "biome": "lava",
                "symmetryType": "none",
                "symmetricalMetal": false,
                "symmetricalStarts": false,
                "numArmies": 2,
                "landingZonesPerArmy": 0,
                "landingZoneSize": 0
            },
            "planetCSG": [
                {
                    "spec": "/pa/terrain/lava/brushes/lava_metal_t3_small_2x_1_ramp.json",
                    "proj": "BP_Bend",
                    "op": "BO_Add",
                    "position": [
                        15.8851318359375,
                        228.71856689453125,
                        -553.413818359375
                    ],
                    "height": 599.0253295898438,
                    "transform": [
                        -0.9843780398368835,
                        0.17405956983566284,
                        0.026518290862441063,
                        15.88512897491455,
                        0.1708933264017105,
                        0.9083011150360107,
                        0.3818177878856659,
                        228.7185516357422,
                        0.0423724502325058,
                        0.3803848624229431,
                        -0.9238571524620056,
                        -553.4138793945312
                    ],
                    "scale": [
                        1,
                        1,
                        1
                    ],
                    "rotation": -3.0999977588653564,
                    "weight": [
                        0,
                        0,
                        0,
                        0
                    ],
                    "weightHard": false,
                    "weightScale": [
                        1,
                        1,
                        1
                    ],
                    "mirrored": false,
                    "twinId": 0,
                    "flooded": false,
                    "pathable": true,
                    "mergeable": false,
                    "no_features": true
                },
                {
                    "spec": "/pa/terrain/lava/brushes/lava_metal_t3_small_2x_1_ramp.json",
                    "proj": "BP_Bend",
                    "op": "BO_Add",
                    "position": [
                        -333.6880187988281,
                        -351.30419921875,
                        -353.19097900390625
                    ],
                    "height": 599.58837890625,
                    "transform": [
                        0.7960906624794006,
                        0.23772990703582764,
                        -0.5565285682678223,
                        -333.68804931640625,
                        -0.1731904149055481,
                        -0.7916537523269653,
                        -0.5859090089797974,
                        -351.3042297363281,
                        -0.5798660516738892,
                        0.562822163105011,
                        -0.5890557765960693,
                        -353.1910095214844
                    ],
                    "scale": [
                        1,
                        1,
                        1
                    ],
                    "rotation": -1.5599992275238037,
                    "weight": [
                        0,
                        0,
                        0,
                        0
                    ],
                    "weightHard": false,
                    "weightScale": [
                        1,
                        1,
                        1
                    ],
                    "mirrored": false,
                    "twinId": 0,
                    "flooded": false,
                    "pathable": true,
                    "mergeable": false,
                    "no_features": true
                },
                {
                    "spec": "/pa/terrain/lava/brushes/lava_metal_t3_small_2x_1_ramp.json",
                    "proj": "BP_Bend",
                    "op": "BO_Add",
                    "position": [
                        -420.2020263671875,
                        374.601318359375,
                        -204.1070556640625
                    ],
                    "height": 598.7951049804688,
                    "transform": [
                        -0.2623455226421356,
                        0.6623650789260864,
                        -0.7017459273338318,
                        -420.2020263671875,
                        0.2179170846939087,
                        0.749097466468811,
                        0.6255918145179749,
                        374.601318359375,
                        0.9400463104248047,
                        0.011198759078979492,
                        -0.3408629894256592,
                        -204.10708618164062
                    ],
                    "scale": [
                        1,
                        1,
                        1
                    ],
                    "rotation": -0.7399998307228088,
                    "weight": [
                        0,
                        0,
                        0,
                        0
                    ],
                    "weightHard": false,
                    "weightScale": [
                        1,
                        1,
                        1
                    ],
                    "mirrored": false,
                    "twinId": 0,
                    "flooded": false,
                    "pathable": true,
                    "mergeable": false,
                    "no_features": true
                },
                {
                    "spec": "/pa/terrain/lava/brushes/lava_metal_t3_small_2x_1_ramp.json",
                    "proj": "BP_Bend",
                    "op": "BO_Add",
                    "position": [
                        -261.212890625,
                        404.88330078125,
                        356.80908203125
                    ],
                    "height": 599.5626831054688,
                    "transform": [
                        0.799890398979187,
                        0.41275298595428467,
                        -0.43567243218421936,
                        -261.2129211425781,
                        -0.012714460492134094,
                        0.7374356389045715,
                        0.6752977967262268,
                        404.88336181640625,
                        0.6000115871429443,
                        -0.5346248149871826,
                        0.5951155424118042,
                        356.80908203125
                    ],
                    "scale": [
                        1,
                        1,
                        1
                    ],
                    "rotation": -0.26999998092651367,
                    "weight": [
                        0,
                        0,
                        0,
                        0
                    ],
                    "weightHard": false,
                    "weightScale": [
                        1,
                        1,
                        1
                    ],
                    "mirrored": false,
                    "twinId": 0,
                    "flooded": false,
                    "pathable": true,
                    "mergeable": false,
                    "no_features": true
                },
                {
                    "spec": "/pa/terrain/lava/brushes/lava_metal_t3_small_2x_1_ramp.json",
                    "proj": "BP_Bend",
                    "op": "BO_Add",
                    "position": [
                        379.948974609375,
                        320.9147644042969,
                        339.89892578125
                    ],
                    "height": 602.3942260742188,
                    "transform": [
                        0.741233229637146,
                        -0.22967644035816193,
                        0.6307313442230225,
                        379.94891357421875,
                        -0.1983935832977295,
                        0.8227007389068604,
                        0.5327320694923401,
                        320.91473388671875,
                        -0.6412591338157654,
                        -0.5200117826461792,
                        0.5642467141151428,
                        339.8989562988281
                    ],
                    "scale": [
                        1,
                        1,
                        1
                    ],
                    "rotation": 0.019999999552965164,
                    "weight": [
                        0,
                        0,
                        0,
                        0
                    ],
                    "weightHard": false,
                    "weightScale": [
                        1,
                        1,
                        1
                    ],
                    "mirrored": false,
                    "twinId": 0,
                    "flooded": false,
                    "pathable": true,
                    "mergeable": false,
                    "no_features": true
                },
                {
                    "spec": "/pa/terrain/lava/brushes/lava_metal_t3_small_2x_1_ramp.json",
                    "proj": "BP_Bend",
                    "op": "BO_Add",
                    "position": [
                        540.84814453125,
                        171.11181640625,
                        -195.6309814453125
                    ],
                    "height": 600.0562133789062,
                    "transform": [
                        -0.31490498781204224,
                        -0.29738950729370117,
                        0.9013291001319885,
                        540.84814453125,
                        -0.08537822961807251,
                        0.9546698331832886,
                        0.2851596474647522,
                        171.11181640625,
                        -0.9452751874923706,
                        0.012844324111938477,
                        -0.32602083683013916,
                        -195.63082885742188
                    ],
                    "scale": [
                        1,
                        1,
                        1
                    ],
                    "rotation": 0.31999996304512024,
                    "weight": [
                        0,
                        0,
                        0,
                        0
                    ],
                    "weightHard": false,
                    "weightScale": [
                        1,
                        1,
                        1
                    ],
                    "mirrored": false,
                    "twinId": 0,
                    "flooded": false,
                    "pathable": true,
                    "mergeable": false,
                    "no_features": true
                },
                {
                    "spec": "/pa/terrain/lava/brushes/lava_metal_t3_small_2x_1_ramp.json",
                    "proj": "BP_Bend",
                    "op": "BO_Add",
                    "position": [
                        261.91156005859375,
                        -444,
                        -308.3516845703125
                    ],
                    "height": 600.6782836914062,
                    "transform": [
                        0.8091611862182617,
                        -0.3938773274421692,
                        0.43602633476257324,
                        261.91156005859375,
                        0.0723513811826706,
                        -0.6696277856826782,
                        -0.7391643524169922,
                        -443.9999694824219,
                        0.5831153392791748,
                        0.6296501755714417,
                        -0.5133391618728638,
                        -308.3516845703125
                    ],
                    "scale": [
                        1,
                        1,
                        1
                    ],
                    "rotation": 1.2799993753433228,
                    "weight": [
                        0,
                        0,
                        0,
                        0
                    ],
                    "weightHard": false,
                    "weightScale": [
                        1,
                        1,
                        1
                    ],
                    "mirrored": false,
                    "twinId": 0,
                    "flooded": false,
                    "pathable": true,
                    "mergeable": false,
                    "no_features": true
                },
                {
                    "spec": "/pa/terrain/lava/brushes/lava_metal_t3_small_2x_1_ramp.json",
                    "proj": "BP_Bend",
                    "op": "BO_Add",
                    "position": [
                        386.54876708984375,
                        -409.992919921875,
                        212.40762329101562
                    ],
                    "height": 602.1885986328125,
                    "transform": [
                        -0.3086532652378082,
                        -0.7019183039665222,
                        0.6419063806533813,
                        386.5487060546875,
                        0.1916687935590744,
                        -0.7069107294082642,
                        -0.6808379888534546,
                        -409.9928894042969,
                        0.9316631555557251,
                        -0.08710947632789612,
                        0.3527261018753052,
                        212.4076385498047
                    ],
                    "scale": [
                        1,
                        1,
                        1
                    ],
                    "rotation": 2.4199984073638916,
                    "weight": [
                        0,
                        0,
                        0,
                        0
                    ],
                    "weightHard": false,
                    "weightScale": [
                        1,
                        1,
                        1
                    ],
                    "mirrored": false,
                    "twinId": 0,
                    "flooded": false,
                    "pathable": true,
                    "mergeable": false,
                    "no_features": true
                },
                {
                    "spec": "/pa/terrain/lava/brushes/lava_metal_t3_small_2x_1_ramp.json",
                    "proj": "BP_Bend",
                    "op": "BO_Add",
                    "position": [
                        -35.38055419921875,
                        -250.100830078125,
                        545.1782836914062
                    ],
                    "height": 600.8507080078125,
                    "transform": [
                        -0.9805405139923096,
                        -0.18727783858776093,
                        -0.05888410657644272,
                        -35.380558013916016,
                        0.19463351368904114,
                        -0.8881769180297852,
                        -0.41624459624290466,
                        -250.10086059570312,
                        0.025653887540102005,
                        -0.4196054935455322,
                        0.9073439836502075,
                        545.1782836914062
                    ],
                    "scale": [
                        1,
                        1,
                        1
                    ],
                    "rotation": 2.939997911453247,
                    "weight": [
                        0,
                        0,
                        0,
                        0
                    ],
                    "weightHard": false,
                    "weightScale": [
                        1,
                        1,
                        1
                    ],
                    "mirrored": false,
                    "twinId": 0,
                    "flooded": false,
                    "pathable": true,
                    "mergeable": false,
                    "no_features": true
                },
                {
                    "spec": "/pa/terrain/lava/brushes/lava_metal_t3_small_2x_1_ramp.json",
                    "proj": "BP_Bend",
                    "op": "BO_Add",
                    "position": [
                        -518.9766845703125,
                        -220.486328125,
                        199.75674438476562
                    ],
                    "height": 598.2088012695312,
                    "transform": [
                        -0.275167852640152,
                        0.41429197788238525,
                        -0.8675511479377747,
                        -518.9767456054688,
                        -0.20357249677181244,
                        -0.9070330262184143,
                        -0.3685775697231293,
                        -220.48634338378906,
                        -0.9395962357521057,
                        0.07518887519836426,
                        0.3339247703552246,
                        199.75672912597656
                    ],
                    "scale": [
                        1,
                        1,
                        1
                    ],
                    "rotation": -2.6599981784820557,
                    "weight": [
                        0,
                        0,
                        0,
                        0
                    ],
                    "weightHard": false,
                    "weightScale": [
                        1,
                        1,
                        1
                    ],
                    "mirrored": false,
                    "twinId": 0,
                    "flooded": false,
                    "pathable": true,
                    "mergeable": false,
                    "no_features": true
                },
                {
                    "spec": "/pa/terrain/lava/brushes/lava_volcano_04.json",
                    "proj": "BP_Bend",
                    "op": "BO_Add",
                    "position": [
                        107.71781158447266,
                        579.8746337890625,
                        -98.88262939453125
                    ],
                    "height": 598.0263671875,
                    "transform": [
                        1.1821880340576172,
                        -0.2573835551738739,
                        1.100545883178711,
                        107.71783447265625,
                        -0.2573835551738739,
                        -0.15556681156158447,
                        5.924540996551514,
                        579.8746948242188,
                        -0.22155025601387024,
                        -1.192665934562683,
                        -1.0102779865264893,
                        -98.88270568847656
                    ],
                    "scale": [
                        1.2299996614456177,
                        1.2299996614456177,
                        6.109995365142822
                    ],
                    "rotation": 0,
                    "weight": [
                        0,
                        0,
                        0,
                        0
                    ],
                    "weightHard": false,
                    "weightScale": [
                        1,
                        1,
                        1
                    ],
                    "mirrored": false,
                    "twinId": 0,
                    "flooded": false,
                    "pathable": false,
                    "mergeable": false,
                    "no_features": false
                },
                {
                    "spec": "/pa/terrain/lava/brushes/lava_volcano_04.json",
                    "proj": "BP_Bend",
                    "op": "BO_Add",
                    "position": [
                        -95.97802734375,
                        -585.1778564453125,
                        93.17727661132812
                    ],
                    "height": 600.2723388671875,
                    "transform": [
                        1.202779769897461,
                        -0.16595925390720367,
                        -0.976932168006897,
                        -95.97803497314453,
                        -0.16595925390720367,
                        0.21814635396003723,
                        -5.956353664398193,
                        -585.1779174804688,
                        0.19666564464569092,
                        1.1990700960159302,
                        0.9484231472015381,
                        93.17719268798828
                    ],
                    "scale": [
                        1.2299996614456177,
                        1.2299996614456177,
                        6.109995365142822
                    ],
                    "rotation": 0,
                    "weight": [
                        0,
                        0,
                        0,
                        0
                    ],
                    "weightHard": false,
                    "weightScale": [
                        1,
                        1,
                        1
                    ],
                    "mirrored": false,
                    "twinId": 0,
                    "flooded": false,
                    "pathable": false,
                    "mergeable": false,
                    "no_features": false
                },
                {
                    "spec": "/pa/terrain/lava/brushes/lava_plateau_07.json",
                    "proj": "BP_Bend",
                    "op": "BO_Add",
                    "position": [
                        279.037841796875,
                        409.204345703125,
                        -334.9979248046875
                    ],
                    "height": 597.94140625,
                    "transform": [
                        0.35042786598205566,
                        -0.8120498657226562,
                        5.039999961853027,
                        279.037841796875,
                        -0.7246854305267334,
                        0.08055432885885239,
                        7.391075611114502,
                        409.2043151855469,
                        -0.5933223366737366,
                        -0.5780017971992493,
                        -6.050755977630615,
                        -334.99798583984375
                    ],
                    "scale": [
                        1,
                        1,
                        10.800057411193848
                    ],
                    "rotation": 0.19999997317790985,
                    "weight": [
                        0,
                        0,
                        0,
                        0
                    ],
                    "weightHard": false,
                    "weightScale": [
                        1,
                        1,
                        1
                    ],
                    "mirrored": false,
                    "twinId": 0,
                    "flooded": false,
                    "pathable": false,
                    "mergeable": false,
                    "no_features": false
                },
                {
                    "spec": "/pa/terrain/metal/brushes/metal_structure_09.json",
                    "proj": "BP_Bend",
                    "op": "BO_Add",
                    "position": [
                        593.343994140625,
                        -95.9593505859375,
                        24.494232177734375
                    ],
                    "height": 601.5523681640625,
                    "transform": [
                        -0.3903237283229828,
                        0.1197933554649353,
                        5.2868571281433105,
                        593.343994140625,
                        -2.445812463760376,
                        0.10903337597846985,
                        -0.855023980140686,
                        -95.9593505859375,
                        -0.1266549825668335,
                        -2.474702835083008,
                        0.21825000643730164,
                        24.494199752807617
                    ],
                    "scale": [
                        2.4799985885620117,
                        2.4799985885620117,
                        5.3599958419799805
                    ],
                    "rotation": -1.6799991130828857,
                    "weight": [
                        0,
                        0,
                        0,
                        0
                    ],
                    "weightHard": false,
                    "weightScale": [
                        1,
                        1,
                        1
                    ],
                    "mirrored": false,
                    "twinId": 0,
                    "flooded": false,
                    "pathable": false,
                    "mergeable": false,
                    "no_features": false
                },
                {
                    "spec": "/pa/terrain/metal/brushes/metal_structure_09.json",
                    "proj": "BP_Bend",
                    "op": "BO_Add",
                    "position": [
                        217.7640380859375,
                        44.160980224609375,
                        559.969482421875
                    ],
                    "height": 602.4426879882812,
                    "transform": [
                        -0.10155093669891357,
                        -2.3100807666778564,
                        1.9374693632125854,
                        217.76402282714844,
                        2.473032236099243,
                        -0.03816879913210869,
                        0.3929048776626587,
                        44.160980224609375,
                        -0.15553951263427734,
                        0.9013670682907104,
                        4.982107639312744,
                        559.969482421875
                    ],
                    "scale": [
                        2.4799985885620117,
                        2.4799985885620117,
                        5.3599958419799805
                    ],
                    "rotation": 1.5999990701675415,
                    "weight": [
                        0,
                        0,
                        0,
                        0
                    ],
                    "weightHard": false,
                    "weightScale": [
                        1,
                        1,
                        1
                    ],
                    "mirrored": false,
                    "twinId": 0,
                    "flooded": false,
                    "pathable": false,
                    "mergeable": false,
                    "no_features": false
                },
                {
                    "spec": "/pa/terrain/metal/brushes/metal_structure_09.json",
                    "proj": "BP_Bend",
                    "op": "BO_Add",
                    "position": [
                        -475.323486328125,
                        129.9898681640625,
                        337.434326171875
                    ],
                    "height": 597.2366943359375,
                    "transform": [
                        -0.03807094693183899,
                        -1.5010721683502197,
                        -4.265865802764893,
                        -475.3234558105469,
                        2.295485258102417,
                        -0.7679721117019653,
                        1.1666147708892822,
                        129.9898681640625,
                        -0.937918484210968,
                        -1.8186243772506714,
                        3.028357744216919,
                        337.4342956542969
                    ],
                    "scale": [
                        2.4799985885620117,
                        2.4799985885620117,
                        5.3599958419799805
                    ],
                    "rotation": 1.7799988985061646,
                    "weight": [
                        0,
                        0,
                        0,
                        0
                    ],
                    "weightHard": false,
                    "weightScale": [
                        1,
                        1,
                        1
                    ],
                    "mirrored": false,
                    "twinId": 0,
                    "flooded": false,
                    "pathable": false,
                    "mergeable": false,
                    "no_features": false
                },
                {
                    "spec": "/pa/terrain/metal/brushes/metal_structure_09.json",
                    "proj": "BP_Bend",
                    "op": "BO_Add",
                    "position": [
                        -508.6107177734375,
                        17.026092529296875,
                        -318.69122314453125
                    ],
                    "height": 600.4488525390625,
                    "transform": [
                        0.6384842395782471,
                        1.1531922817230225,
                        -4.540188312530518,
                        -508.6106262207031,
                        2.2208406925201416,
                        -1.1015053987503052,
                        0.15198591351509094,
                        17.02608871459961,
                        -0.9003314971923828,
                        -1.899269461631775,
                        -2.844843626022339,
                        -318.69110107421875
                    ],
                    "scale": [
                        2.4799985885620117,
                        2.4799985885620117,
                        5.3599958419799805
                    ],
                    "rotation": 1.9799987077713013,
                    "weight": [
                        0,
                        0,
                        0,
                        0
                    ],
                    "weightHard": false,
                    "weightScale": [
                        1,
                        1,
                        1
                    ],
                    "mirrored": false,
                    "twinId": 0,
                    "flooded": false,
                    "pathable": false,
                    "mergeable": false,
                    "no_features": false
                },
                {
                    "spec": "/pa/terrain/metal/brushes/metal_structure_09.json",
                    "proj": "BP_Bend",
                    "op": "BO_Add",
                    "position": [
                        156.2784423828125,
                        -131.38861083984375,
                        -562.1776123046875
                    ],
                    "height": 598.10498046875,
                    "transform": [
                        0.8835702538490295,
                        2.2248141765594482,
                        1.4005091190338135,
                        156.27838134765625,
                        2.2988343238830566,
                        -0.7542914152145386,
                        -1.1774556636810303,
                        -131.3885498046875,
                        -0.2916472256183624,
                        0.7947586178779602,
                        -5.038029193878174,
                        -562.177734375
                    ],
                    "scale": [
                        2.4799985885620117,
                        2.4799985885620117,
                        5.3599958419799805
                    ],
                    "rotation": 0.5200000405311584,
                    "weight": [
                        0,
                        0,
                        0,
                        0
                    ],
                    "weightHard": false,
                    "weightScale": [
                        1,
                        1,
                        1
                    ],
                    "mirrored": false,
                    "twinId": 0,
                    "flooded": false,
                    "pathable": false,
                    "mergeable": false,
                    "no_features": false
                },
                {
                    "spec": "/pa/terrain/lava/brushes/lava_metal_t3_small_2_ramp.json",
                    "proj": "BP_Bend",
                    "op": "BO_Add",
                    "position": [
                        395.132080078125,
                        10.06728744506836,
                        -447.302734375
                    ],
                    "height": 596.9174194335938,
                    "transform": [
                        -0.744202196598053,
                        -0.08932772278785706,
                        0.6619541049003601,
                        395.1319274902344,
                        -0.10435744374990463,
                        0.9943968057632446,
                        0.016865456476807594,
                        10.06728458404541,
                        -0.6597516536712646,
                        -0.05652852728962898,
                        -0.749354362487793,
                        -447.30267333984375
                    ],
                    "scale": [
                        1,
                        1,
                        1
                    ],
                    "rotation": -0.05999999865889549,
                    "weight": [
                        0,
                        0,
                        0,
                        0
                    ],
                    "weightHard": false,
                    "weightScale": [
                        1,
                        1,
                        1
                    ],
                    "mirrored": false,
                    "twinId": 0,
                    "flooded": false,
                    "pathable": true,
                    "mergeable": false,
                    "no_features": true
                },
                {
                    "spec": "/pa/terrain/lava/brushes/lava_metal_t3_small_2_ramp.json",
                    "proj": "BP_Bend",
                    "op": "BO_Add",
                    "position": [
                        -281.7432861328125,
                        143.54632568359375,
                        -509.65771484375
                    ],
                    "height": 599.77978515625,
                    "transform": [
                        -0.8805577158927917,
                        0.06291598081588745,
                        -0.4697445034980774,
                        -281.7432556152344,
                        -0.0584263801574707,
                        0.9691783785820007,
                        0.2393317073583603,
                        143.54632568359375,
                        0.47032400965690613,
                        0.23819081485271454,
                        -0.8497415781021118,
                        -509.6578063964844
                    ],
                    "scale": [
                        1,
                        1,
                        1
                    ],
                    "rotation": -0.9399996399879456,
                    "weight": [
                        0,
                        0,
                        0,
                        0
                    ],
                    "weightHard": false,
                    "weightScale": [
                        1,
                        1,
                        1
                    ],
                    "mirrored": false,
                    "twinId": 0,
                    "flooded": false,
                    "pathable": true,
                    "mergeable": false,
                    "no_features": true
                },
                {
                    "spec": "/pa/terrain/lava/brushes/lava_metal_t3_small_2_ramp.json",
                    "proj": "BP_Bend",
                    "op": "BO_Add",
                    "position": [
                        -519.448486328125,
                        283.7662353515625,
                        74.48954772949219
                    ],
                    "height": 596.5724487304688,
                    "transform": [
                        0.09031209349632263,
                        0.48341265320777893,
                        -0.8707214593887329,
                        -519.4484252929688,
                        -0.09491974115371704,
                        0.8744924068450928,
                        0.4756609797477722,
                        283.7662353515625,
                        0.9913797974586487,
                        0.03969070315361023,
                        0.12486261129379272,
                        74.48959350585938
                    ],
                    "scale": [
                        1,
                        1,
                        1
                    ],
                    "rotation": -0.5400000214576721,
                    "weight": [
                        0,
                        0,
                        0,
                        0
                    ],
                    "weightHard": false,
                    "weightScale": [
                        1,
                        1,
                        1
                    ],
                    "mirrored": false,
                    "twinId": 0,
                    "flooded": false,
                    "pathable": true,
                    "mergeable": false,
                    "no_features": true
                },
                {
                    "spec": "/pa/terrain/lava/brushes/lava_metal_t3_small_2_ramp.json",
                    "proj": "BP_Bend",
                    "op": "BO_Add",
                    "position": [
                        -11.75379753112793,
                        262.077392578125,
                        540.308837890625
                    ],
                    "height": 600.6299438476562,
                    "transform": [
                        0.893876314163208,
                        0.44788652658462524,
                        -0.019569115713238716,
                        -11.753796577453613,
                        -0.3954242169857025,
                        0.8082383275032043,
                        0.43633753061294556,
                        262.077392578125,
                        0.21124620735645294,
                        -0.3822936415672302,
                        0.8995702266693115,
